0	1.000000	0.000000
1	1.000000	5.859375
2	1.000000	9.765625
3	1.000000	13.671875
4	1.000000	17.578125
5	1.000000	21.484375
6	1.000000	25.390625
7	1.000000	29.296875
8	1.000000	33.203125
9	1.000000	37.109375
10	1.000000	41.015625
11	1.000000	44.921875
12	1.000000	48.828125
13	1.000000	52.734375
14	1.000000	56.640625
15	1.000000	60.546875
16	1.000000	64.453125
17	1.000000	68.359375
18	1.000000	72.265625
19	1.000000	76.171875
20	1.000000	80.078125
21	1.000000	83.984375
22	1.000000	87.890625
23	1.000000	91.796875
24	1.000000	95.703125
25	1.000000	99.609375
26	1.000000	103.515625
27	1.000000	107.421875
28	1.000000	111.328125
29	1.000000	115.234375
30	1.000000	119.140625
31	1.000000	123.046875
32	1.000000	126.953125
33	1.000000	130.859375
34	1.000000	134.765625
35	1.000000	138.671875
36	1.000000	142.578125
37	1.000000	146.484375
38	1.000000	150.390625
39	1.000000	154.296875
40	1.000000	158.203125
41	1.000000	162.109375
42	1.000000	166.015625
43	1.000000	169.921875
44	1.000000	173.828125
45	1.000000	177.734375
46	1.000000	181.640625
47	1.000000	185.546875
48	1.000000	189.453125
49	1.000000	193.359375
50	1.000000	197.265625
51	1.000000	201.171875
52	1.000000	205.078125
53	1.000000	208.984375
54	1.000000	212.890625
55	1.000000	216.796875
56	1.000000	220.703125
57	1.000000	224.609375
58	1.000000	228.515625
59	1.000000	232.421875
60	1.000000	236.328125
61	1.000000	240.234375
62	1.000000	244.140625
63	1.000000	248.046875
64	1.000000	251.953125
65	1.000000	255.859375
66	1.000000	259.765625
67	1.000000	263.671875
68	1.000000	267.578125
69	1.000000	271.484375
70	1.000000	275.390625
71	1.000000	279.296875
72	1.000000	283.203125
73	1.000000	287.109375
74	1.000000	291.015625
75	1.000000	294.921875
76	1.000000	298.828125
77	1.000000	302.734375
78	1.000000	306.640625
79	1.000000	310.546875
80	1.000000	314.453125
81	1.000000	318.359375
82	1.000000	322.265625
83	1.000000	326.171875
84	1.000000	330.078125
85	1.000000	333.984375
86	1.000000	337.890625
87	1.000000	341.796875
88	1.000000	345.703125
89	1.000000	349.609375
90	1.000000	353.515625
91	1.000000	357.421875
92	1.000000	361.328125
93	1.000000	365.234375
94	1.000000	369.140625
95	1.000000	373.046875
96	1.000000	376.953125
97	1.000000	380.859375
98	1.000000	384.765625
99	1.000000	388.671875
100	1.000000	392.578125
101	1.000000	396.484375
102	1.000000	400.390625
103	1.000000	404.296875
104	1.000000	408.203125
105	1.000000	412.109375
106	1.000000	416.015625
107	1.000000	419.921875
108	1.000000	423.828125
109	1.000000	427.734375
110	1.000000	431.640625
111	1.000000	435.546875
112	1.000000	439.453125
113	1.000000	443.359375
114	1.000000	447.265625
115	1.000000	451.171875
116	1.000000	455.078125
117	1.000000	458.984375
118	1.000000	462.890625
119	1.000000	466.796875
120	1.000000	470.703125
121	1.000000	474.609375
122	1.000000	478.515625
123	1.000000	482.421875
124	1.000000	486.328125
125	1.000000	490.234375
126	1.000000	494.140625
127	1.000000	498.046875
128	1.000000	501.953125
129	1.000000	505.859375
130	1.000000	509.765625
131	1.000000	513.671875
132	1.000000	517.578125
133	1.000000	521.484375
134	1.000000	525.390625
135	1.000000	529.296875
136	1.000000	533.203125
137	1.000000	537.109375
138	1.000000	541.015625
139	1.000000	544.921875
140	1.000000	548.828125
141	1.000000	552.734375
142	1.000000	556.640625
143	1.000000	560.546875
144	1.000000	564.453125
145	1.000000	568.359375
146	1.000000	572.265625
147	1.000000	576.171875
148	1.000000	580.078125
149	1.000000	583.984375
150	1.000000	587.890625
151	1.000000	591.796875
152	1.000000	595.703125
153	1.000000	599.609375
154	1.000000	603.515625
155	1.000000	607.421875
156	1.000000	611.328125
157	1.000000	615.234375
158	1.000000	619.140625
159	1.000000	623.046875
160	1.000000	626.953125
161	1.000000	630.859375
162	1.000000	634.765625
163	1.000000	638.671875
164	1.000000	642.578125
165	1.000000	646.484375
166	1.000000	650.390625
167	1.000000	654.296875
168	1.000000	658.203125
169	1.000000	662.109375
170	1.000000	666.015625
171	1.000000	669.921875
172	1.000000	673.828125
173	1.000000	677.734375
174	1.000000	681.640625
175	1.000000	685.546875
176	1.000000	689.453125
177	1.000000	693.359375
178	1.000000	697.265625
179	1.000000	701.171875
180	1.000000	705.078125
181	1.000000	708.984375
182	1.000000	712.890625
183	1.000000	716.796875
184	1.000000	720.703125
185	1.000000	724.609375
186	1.000000	728.515625
187	1.000000	732.421875
188	1.000000	736.328125
189	1.000000	740.234375
190	1.000000	744.140625
191	1.000000	748.046875
192	1.000000	751.953125
193	1.000000	755.859375
194	1.000000	759.765625
195	1.000000	763.671875
196	1.000000	767.578125
197	1.000000	771.484375
198	1.000000	775.390625
199	1.000000	779.296875
200	1.000000	783.203125
201	1.000000	787.109375
202	1.000000	791.015625
203	1.000000	794.921875
204	1.000000	798.828125
205	1.000000	802.734375
206	1.000000	806.640625
207	1.000000	810.546875
208	1.000000	814.453125
209	1.000000	818.359375
210	1.000000	822.265625
211	1.000000	826.171875
212	1.000000	830.078125
213	1.000000	833.984375
214	1.000000	837.890625
215	1.000000	841.796875
216	1.000000	845.703125
217	1.000000	849.609375
218	1.000000	853.515625
219	1.000000	857.421875
220	1.000000	861.328125
221	1.000000	865.234375
222	1.000000	869.140625
223	1.000000	873.046875
224	1.000000	876.953125
225	1.000000	880.859375
226	1.000000	884.765625
227	1.000000	888.671875
228	1.000000	892.578125
229	1.000000	896.484375
230	1.000000	900.390625
231	1.000000	904.296875
232	1.000000	908.203125
233	1.000000	912.109375
234	1.000000	916.015625
235	1.000000	919.921875
236	1.000000	923.828125
237	1.000000	927.734375
238	1.000000	931.640625
239	1.000000	935.546875
240	1.000000	939.453125
241	1.000000	943.359375
242	1.000000	947.265625
243	1.000000	951.171875
244	1.000000	955.078125
245	1.000000	958.984375
246	1.000000	962.890625
247	1.000000	966.796875
248	1.000000	970.703125
249	1.000000	974.609375
250	1.000000	978.515625
251	1.000000	982.421875
252	1.000000	986.328125
253	1.000000	990.234375
254	1.000000	994.140625
255	1.000000	998.046875
256	1.000000	1001.953125
